 /home/sib/DLV/.deep/bin/python /home/sib/DLV/common_function_tensor.py
tf.Tensor(
[[[5 6 6]
  [2 4 3]
  [6 4 7]]

 [[8 9 3]
  [2 8 7]
  [2 3 2]]

 [[2 8 2]
  [8 6 9]
  [2 6 2]]], shape=(3, 3, 3), dtype=int32) tf.Tensor(
[[[14 17 17]
  [19 14 14]
  [14 15 16]]

 [[13 11 18]
  [16 15 18]
  [19 17 19]]

 [[11 13 11]
  [17 14 15]
  [12 16 17]]], shape=(3, 3, 3), dtype=int32)
tf.Tensor(
[[[[ 5  6  6]
   [ 2  4  3]
   [ 6  4  7]]

  [[ 8  9  3]
   [ 2  8  7]
   [ 2  3  2]]

  [[ 2  8  2]
   [ 8  6  9]
   [ 2  6  2]]]


 [[[14 17 17]
   [19 14 14]
   [14 15 16]]

  [[13 11 18]
   [16 15 18]
   [19 17 19]]

  [[11 13 11]
   [17 14 15]
   [12 16 17]]]], shape=(2, 3, 3, 3), dtype=int32)
tf.Tensor(
[[[[ 5  6  6]
   [ 2  4  3]
   [ 6  4  7]]

  [[14 17 17]
   [19 14 14]
   [14 15 16]]]


 [[[ 8  9  3]
   [ 2  8  7]
   [ 2  3  2]]

  [[13 11 18]
   [16 15 18]
   [19 17 19]]]


 [[[ 2  8  2]
   [ 8  6  9]
   [ 2  6  2]]

  [[11 13 11]
   [17 14 15]
   [12 16 17]]]], shape=(3, 2, 3, 3), dtype=int32)
tf.Tensor(
[[[[ 5  6  6]
   [14 17 17]]
  [[ 2  4  3]
   [19 14 14]]
  [[ 6  4  7]
   [14 15 16]]]

 [[[ 8  9  3]
   [13 11 18]]
  [[ 2  8  7]
   [16 15 18]]
  [[ 2  3  2]
   [19 17 19]]]

 [[[ 2  8  2]
   [11 13 11]]
  [[ 8  6  9]
   [17 14 15]]
  [[ 2  6  2]
   [12 16 17]]]], shape=(3, 3, 2, 3), dtype=int32)
tf.Tensor(
[[[[ 5 14]
   [ 6 17]
   [ 6 17]]
  [[ 2 19]
   [ 4 14]
   [ 3 14]]
  [[ 6 14]
   [ 4 15]
   [ 7 16]]]

 [[[ 8 13]
   [ 9 11]
   [ 3 18]]
  [[ 2 16]
   [ 8 15]
   [ 7 18]]
  [[ 2 19]
   [ 3 17]
   [ 2 19]]]

 [[[ 2 11]
   [ 8 13]
   [ 2 11]]
  [[ 8 17]
   [ 6 14]
   [ 9 15]]
  [[ 2 12]
   [ 6 16]
   [ 2 17]]]], shape=(3, 3, 3, 2), dtype=int32)